# name: debug
# type: sparse matrix
# nnz: 36
# rows: 6
# columns: 6

1 1 240020708271559264.000000000
2 1 0.000000000
3 1 -107999747009330352.000000000
4 1 8278784526.403441429
5 1 66413818100.388610840
6 1 18399320893.089061737
1 2 0.000000000
2 2 240020708271565184.000000000
3 2 79959371009517360.000000000
4 2 -61361132711.111991882
5 2 -8278786021.433919907
6 2 24851632789.650051117
1 3 -107999747009330352.000000000
2 3 79959371009517344.000000000
3 3 75232868431863232.000000000
4 3 -24166682334.115760803
5 3 -32641525525.779926300
6 3 -4479.518649101
1 4 8278784526.403441429
2 4 -61361132711.111991882
3 4 -24166682334.115760803
4 4 15972.483826219
5 4 4407.208798751
6 4 -5718.674586338
1 5 66413818100.388610840
2 5 -8278786021.433918953
3 5 -32641525525.779926300
4 5 4407.208798751
5 5 18662.279454622
6 5 4233.917182120
1 6 18399320893.089061737
2 6 24851632789.650047302
3 6 -4479.518650055
4 6 -5718.674586338
5 6 4233.917182120
6 6 3983.567370182
